0.7567200000000001
0.75604
0.76796
0.75564
0.7738
0.75076
0.8063400000000001
0.79294
0.8042400000000001
0.78956
0.79026
0.77824
0.81906
0.8022199999999999
0.83342
0.82486
0.79788
0.8276600000000001
0.80242
0.8
0.82558
0.82062
0.84196
0.8275399999999999
0.83466
0.82838
0.83786
0.84154
0.83158
0.8313200000000001
0.84504
0.82728
0.84042
0.83584
0.8395
0.84476
0.83452
0.84728
0.83588
0.82124
0.8512
0.84234
0.82692
0.84746
0.83942
0.85612
0.82762
0.84402
0.8421
0.83946
0.8478600000000001
0.84472
0.85276
0.8527
0.8257
0.8529599999999999
0.8554200000000001
0.8371
0.8341000000000001
0.84662
0.8558
0.84956
0.85434
0.85206
0.85546
0.85472
0.85276
0.84062
0.86076
0.85134
0.84834
0.8561
0.82296
0.85694
0.85428
0.85066
0.84884
0.8639
0.85558
0.8544
0.8546400000000001
0.85232
0.8556
0.8507
0.85942
0.85882
0.8570599999999999
0.8599600000000001
0.86032
0.8448599999999999
0.85054
0.8505
0.86178
0.85476
0.8552
0.86162
0.861
0.85974
0.8602799999999999
0.86088
0.86264
0.86088
0.8597
0.85684
0.85134
0.85534
0.86288
0.85936
0.84796
0.86222
0.85266
0.85682
0.86008
0.85878
0.8566400000000001
0.8638
0.8616
0.86388
0.86336
0.8605
0.86164
0.85876
0.86096
0.86406
0.85714
0.85914
0.86566
0.8643000000000001
0.86058
0.85974
0.8606
0.858
0.86078
0.86376
0.86288
0.8673
0.85724
0.86366
0.86278
0.86466
0.86018
0.857
0.8634
0.85476
0.85742
0.8636
0.86376
0.8631800000000001
0.86564
0.8619600000000001
0.8642
0.85932
0.8634999999999999
0.86424
0.86432
0.8627
0.8610599999999999
0.86476
0.86234
0.86764
0.8617
0.86782
0.86198
0.86534
0.8646199999999999
0.85946
0.8675200000000001
0.86454
0.86444
0.86416
0.8637
0.865
0.86684
0.86448
0.8651800000000001
0.8638399999999999
0.86772
0.86232
0.86222
0.86852
0.866
0.86558
0.8646
0.86712
0.86616
0.8657
0.86426
0.86768
0.868
0.86268
0.86374
0.86692
0.86964
0.86992
0.86758
0.86476
0.86502
0.866
0.87048
0.86382
